
1001
1002
1003
1004
1005
1006
1007
1008
1009***3
1010
1011
1012
1013***2
1014
1015
1016
1017
1018
1019***3
1020
1021***3
1022
1023
1024
1025
1026
1027
1028
1029
1030
1031***3
1032
1033***3
1034
1035
1036
1037
1038
1039***3
1040
1041
1042
1043
1044
1045
1046
1047
1048
1049***3
1050
1051***3
1052
1053
1054
1055
1056
1057
1058
1059
1060
1061***3
1062
1063***3
1064
1065
1066
1067
1068
1069***3
1070
1071
1072
1073
1074
1075
1076
1077
1078
1079
1080
1081
1082
1083
1084
1085
1086
1087***3
1088
1089
1090
1091***3
1092
1093***3
1094
1095
1096
1097***3
1098
1099
1100end#<undef>

10001
10002
10003
10004
10005
10006
10007***9
10008
10009***9
10010
10011
10012
10013
10014
10015
10016
10017
10018
10019
10020
10021
10022
10023
10024
10025
10026
10027
10028
10029
10030
10031
10032
10033
10034
10035
10036
10037***9
10038
10039***8
10040
10041
10042
10043
10044
10045
10046
10047
10048
10049
10050
10051
10052
10053
10054
10055
10056
10057
10058
10059
10060
10061***8
10062
10063
10064
10065
10066
10067***8
10068
10069***8
10070
10071
10072
10073
10074
10075
10076
10077
10078
10079***8
10080
10081
10082
10083
10084
10085
10086
10087
10088
10089
10090
10091***9
10092
10093***9
10094
10095
10096
10097
10098
10099***8
10100end#<undef>

100001
100002
100003***27
100004
100005
100006
100007
100008
100009
100010
100011
100012
100013
100014
100015
100016
100017
100018
100019***26
100020
100021
100022
100023
100024
100025
100026
100027
100028
100029
100030
100031
100032
100033
100034
100035
100036
100037
100038
100039
100040
100041
100042
100043***26
100044
100045
100046
100047
100048
100049***26
100050
100051
100052
100053
100054
100055
100056
100057***26
100058
100059
100060
100061
100062
100063
100064
100065
100066
100067
100068
100069***27
100070
100071
100072
100073
100074
100075
100076
100077
100078
100079
100080
100081
100082
100083
100084
100085
100086
100087
100088
100089
100090
100091
100092
100093
100094
100095
100096
100097
100098
100099
100100end#<undef>
